              precision    recall  f1-score   support

           0       1.00      1.00      1.00        33
           1       0.96      0.96      0.96        28
           2       0.97      1.00      0.99        33
           3       1.00      0.97      0.99        34
           4       1.00      0.98      0.99        46
           5       0.91      0.91      0.91        47
           6       0.97      0.97      0.97        35
           7       1.00      0.97      0.99        34
           8       0.97      0.97      0.97        30
           9       0.90      0.95      0.93        40

    accuracy                           0.97       360
   macro avg       0.97      0.97      0.97       360
weighted avg       0.97      0.97      0.97       360
